43.75 273.96
44.46 263.33
47.29 253.42
47.29 241.38
46.58 230.04
45.17 215.17
43.75 204.54
44.46 191.08
43.75 176.21
43.04 164.17
43.04 152.83
43.75 140.08
43.75 128.75
43.04 117.42
43.04 106.08
43.04 95.46
43.04 83.42
43.75 72.79
43.75 58.62
45.87 46.58
46.58 34.54
53.67 26.75
66.42 25.33
77.04 25.33
87.67 25.33
98.29 27.46
108.92 32.42
118.12 37.37
126.62 48
133 59.33
140.08 71.37
143.62 85.54
143.62 97.58
140.79 108.92
137.96 118.83
134.42 130.17
128.75 140.08
118.83 147.17
110.33 152.83
100.42 156.37
90.5 159.92
85.54 169.12
95.46 175.5
103.25 183.29
109.62 191.79
116.71 201.71
123.08 210.21
133 217.29
140.08 225.79
145.75 234.29
152.12 242.79
161.33 249.88
167.71 258.37
176.92 263.33
170.54 271.83
158.5 271.12
148.58 269.71
138.67 271.83
130.17 266.17
125.92 256.96
121.67 247.75
114.58 240.67
108.92 232.17
100.42 222.96
92.63 213.04
86.25 204.54
79.17 196.75
74.21 187.54
64.29 191.08
62.87 201
62.87 211.62
64.29 222.25
67.12 232.17
67.83 243.5
67.83 254.83
67.83 265.46
58.62 270.42
48 272.54

70.67 62.17
68.54 72.79
68.54 85.54
69.96 96.87
72.08 108.92
72.08 120.96
71.37 132.29
84.13 130.17
98.29 125.21
111.75 119.54
118.12 111.04
121.67 100.42
120.25 89.08
113.17 79.17
104.67 72.79
92.63 68.54
81.29 65
69.96 66.42

220.12 24.62
217.29 38.79
217.29 49.42
216.58 65
216.58 82
215.87 99
215.87 110.33
214.46 126.62
212.33 145.75
211.62 159.92
210.92 174.79
211.62 191.08
211.62 202.42
210.92 215.87
209.5 230.04
208.08 239.96
205.96 249.88
203.12 259.79
199.58 271.12
197.46 281.04
207.37 276.08
221.54 276.08
232.17 276.08
241.37 271.12
242.08 259.79
243.5 248.46
244.21 236.42
245.62 226.5
247.75 211.62
247.04 201
247.75 190.37
246.33 179.04
246.33 167.71
247.04 144.33
247.75 125.21
248.46 114.58
248.46 96.17
248.46 72.08
250.58 59.33
250.58 46.58
254.12 30.29
244.21 28.17
233.58 28.87
222.25 28.87
